-0.0   1460.0000
-1.0   1459.3447
-2.0   1458.6789
-3.0   1458.0029
-4.0   1457.3168
-5.0   1456.6208
-6.0   1455.9152
-7.0   1455.2001
-8.0   1454.4757
-9.0   1453.7423
-10.0   1453.0000
-11.0   1452.2849
-12.0   1451.6165
-13.0   1450.9702
-14.0   1450.3214
-15.0   1449.6456
-16.0   1448.9181
-17.0   1448.1144
-18.0   1447.2099
-19.0   1446.1800
-20.0   1445.0000
-21.0   1443.1706
-22.0   1440.3832
-23.0   1436.8994
-24.0   1432.9811
-25.0   1428.8898
-26.0   1424.8874
-27.0   1421.2355
-28.0   1418.1958
-29.0   1416.0301
-30.0   1415.0000
-31.0   1414.6480
-32.0   1414.3394
-33.0   1414.0708
-34.0   1413.8383
-35.0   1413.6384
-36.0   1413.4674
-37.0   1413.3218
-38.0   1413.1977
-39.0   1413.0917
-40.0   1413.0000
-41.0   1412.9154
-42.0   1412.8331
-43.0   1412.7535
-44.0   1412.6766
-45.0   1412.6027
-46.0   1412.5320
-47.0   1412.4648
-48.0   1412.4011
-49.0   1412.3414
-50.0   1412.2857
-51.0   1412.2343
-52.0   1412.1874
-53.0   1412.1453
-54.0   1412.1080
-55.0   1412.0759
-56.0   1412.0491
-57.0   1412.0280
-58.0   1412.0126
-59.0   1412.0032
-60.0   1412.0000
